{
 "cells": [
  {
   "cell_type": "markdown",
   "metadata": {},
   "source": [
    "<div style=\"text-align: right\"><strong>Supervised Model Comparison:</strong> <span style=\"color:darkred\">OLS, Log Reg, KNN, Naive Bayes, Decision Tree, Random Forest</span> </div>"
   ]
  },
  {
   "cell_type": "markdown",
   "metadata": {},
   "source": [
    "<a id=\"top\"></a>"
   ]
  },
  {
   "cell_type": "markdown",
   "metadata": {},
   "source": [
    "# <span style=\"color:darkblue\">Airline Arrivals</span>"
   ]
  },
  {
   "cell_type": "markdown",
   "metadata": {},
   "source": [
    "__Author:__ Ryan Harper "
   ]
  },
  {
   "cell_type": "markdown",
   "metadata": {},
   "source": [
    "<a href='#ov'>Overview</a><br>\n",
    "<a href='#exp'>Experiment</a><br>\n",
    "<a href='#sec1'>1. Cleaning Data</a><br>\n",
    "<a href='#sec2'>2. Exploring the Data</a><br>\n",
    "<a href='#sec3'>3. Models:</a><br>\n",
    "><a href='#seca'>A. LR - Ordinary Least Squares</a><br>\n",
    "<a href='#secb'>B. LR - Logistic Regression</a> <a href='#secb1'> (Lasso)</a> <a href='#secb2'> (Ridge)</a><br>\n",
    "<a href='#secc'>C. NN - K Nearest Neighbors</a><br>\n",
    "<a href='#secd'>D. NN - Naive Bayes</a><br>\n",
    "<a href='#sece'>E. NN - Decision Tree</a><br>\n",
    "<a href='#secf'>F. Ensemble - Random Forest</a><br>\n",
    "\n",
    "<a href='#sec4'>4. Model Comparison</a><br>"
   ]
  },
  {
   "cell_type": "markdown",
   "metadata": {},
   "source": [
    "<a id=\"ov\"></a>"
   ]
  },
  {
   "cell_type": "markdown",
   "metadata": {},
   "source": [
    "# <span style=\"color:darkblue\">Overview</span>  <a href='#top'>(top)</a>"
   ]
  },
  {
   "cell_type": "markdown",
   "metadata": {},
   "source": [
    "__Data Source:__ <br>\n",
    "> http://stat-computing.org/dataexpo/2009/the-data.html"
   ]
  },
  {
   "cell_type": "markdown",
   "metadata": {},
   "source": [
    "__Thinkful Goal:__<br>\n",
    "> \"Use this dataset of airline arrival information to predict how late flights will be. A flight only counts as late if it is more than 30 minutes late.\""
   ]
  },
  {
   "cell_type": "markdown",
   "metadata": {},
   "source": [
    "__Variables (health indicators):__\n",
    ">__year:__ _Year the baby was born_<br>\n",
    "__gender:__ _sex (1 = male; 0 = female)_ <br>\n",
    "__name:__ _name of the baby_<br>\n",
    "__year_count:__ _number of babies with same name for that year for a gender_"
   ]
  },
  {
   "cell_type": "markdown",
   "metadata": {},
   "source": [
    "<a id=\"exp\"></a>"
   ]
  },
  {
   "cell_type": "markdown",
   "metadata": {},
   "source": [
    "# <span style=\"color:darkblue\">Experiment</span> <a href='#top'>(top)</a>"
   ]
  },
  {
   "cell_type": "markdown",
   "metadata": {},
   "source": [
    "__Observations:__\n",
    "><li> Logistic Regression and Naive Bayes do not outperform other models. Perhaps feature design needs to changed to better fit these models.<li>K Nearest Neighbors and Random Forest tend to out perform the other models but the variance between each sampling is pretty high <li>Lasso and Ridge parameter reductions don't work when applied to the test sample. Perhaps it's only useful for changing parameters?"
   ]
  },
  {
   "cell_type": "markdown",
   "metadata": {},
   "source": [
    "__Hypothesis:__ \n",
    "> Logistic Regression and Naive Bayes will be able to predict gender with the highest prediction percentage irregardless of feature choice."
   ]
  },
  {
   "cell_type": "markdown",
   "metadata": {},
   "source": [
    "__Thoughts:__\n",
    "><li>To better understand the scoring of each model, I need to run each model multiple times on difference samples to get a better feel for the range of prediction scores.<li>I probably need to be consistent with the features that I use (i.e. continuous, ranked, or discrete)"
   ]
  },
  {
   "cell_type": "markdown",
   "metadata": {},
   "source": [
    "__Method:__\n",
    "> Using multiple different models. The aim of this project is to explore how different models can handle the data (target and features) and to see what information can be gained from using multiple different models. Ultimately, the goal is to determine which models are appropriate for a binary (discrete) target with features that are both qualitative (discrete) and quantitative (ranked/continuous)."
   ]
  },
  {
   "cell_type": "markdown",
   "metadata": {},
   "source": [
    "<a id=\"sec1\"></a>"
   ]
  },
  {
   "cell_type": "markdown",
   "metadata": {},
   "source": [
    "# <span style=\"color:darkblue\">Cleaning the Data</span>  <a href='#top'>(top)</a>"
   ]
  },
  {
   "cell_type": "code",
   "execution_count": 1,
   "metadata": {},
   "outputs": [
    {
     "name": "stdout",
     "output_type": "stream",
     "text": [
      "Using matplotlib backend: MacOSX\n",
      "Populating the interactive namespace from numpy and matplotlib\n"
     ]
    }
   ],
   "source": [
    "# import matplotlib and numpy together\n",
    "%pylab\n",
    "\n",
    "# Restricts popup window (change to '%matplotlib qt') for popup\n",
    "%matplotlib inline "
   ]
  },
  {
   "cell_type": "code",
   "execution_count": 2,
   "metadata": {},
   "outputs": [],
   "source": [
    "# iPython features\n",
    "import time\n",
    "from pprint import pprint\n",
    "\n",
    "# Data processing\n",
    "import pandas as pd\n",
    "import plotly as plo\n",
    "import seaborn as sns\n",
    "import matplotlib.pyplot as plt\n",
    "from scipy import stats\n",
    "\n",
    "# Preparing Models\n",
    "from sklearn.model_selection import train_test_split\n",
    "\n",
    "# Models\n",
    "from sklearn import linear_model\n",
    "from sklearn.neighbors import KNeighborsClassifier\n",
    "from sklearn import tree\n",
    "from sklearn.naive_bayes import BernoulliNB\n",
    "\n",
    "# Ensemble\n",
    "from sklearn import ensemble\n",
    "from sklearn.model_selection import cross_val_score\n",
    "\n",
    "#Visualization\n",
    "from IPython.display import Image\n",
    "import pydotplus\n",
    "import graphviz"
   ]
  },
  {
   "cell_type": "code",
   "execution_count": 3,
   "metadata": {},
   "outputs": [],
   "source": [
    "# Import data\n",
    "arrivals = pd.read_csv('../data/unit3-6/2008.csv')"
   ]
  },
  {
   "cell_type": "code",
   "execution_count": 4,
   "metadata": {},
   "outputs": [],
   "source": [
    "arrivals = arrivals.sample(frac=.1,random_state=42)"
   ]
  },
  {
   "cell_type": "code",
   "execution_count": 5,
   "metadata": {},
   "outputs": [
    {
     "name": "stdout",
     "output_type": "stream",
     "text": [
      "Index(['Year', 'Month', 'DayofMonth', 'DayOfWeek', 'DepTime', 'CRSDepTime',\n",
      "       'ArrTime', 'CRSArrTime', 'UniqueCarrier', 'FlightNum', 'TailNum',\n",
      "       'ActualElapsedTime', 'CRSElapsedTime', 'AirTime', 'ArrDelay',\n",
      "       'DepDelay', 'Origin', 'Dest', 'Distance', 'TaxiIn', 'TaxiOut',\n",
      "       'Cancelled', 'CancellationCode', 'Diverted', 'CarrierDelay',\n",
      "       'WeatherDelay', 'NASDelay', 'SecurityDelay', 'LateAircraftDelay'],\n",
      "      dtype='object')\n"
     ]
    },
    {
     "data": {
      "text/html": [
       "<div>\n",
       "<style scoped>\n",
       "    .dataframe tbody tr th:only-of-type {\n",
       "        vertical-align: middle;\n",
       "    }\n",
       "\n",
       "    .dataframe tbody tr th {\n",
       "        vertical-align: top;\n",
       "    }\n",
       "\n",
       "    .dataframe thead th {\n",
       "        text-align: right;\n",
       "    }\n",
       "</style>\n",
       "<table border=\"1\" class=\"dataframe\">\n",
       "  <thead>\n",
       "    <tr style=\"text-align: right;\">\n",
       "      <th></th>\n",
       "      <th>Year</th>\n",
       "      <th>Month</th>\n",
       "      <th>DayofMonth</th>\n",
       "      <th>DayOfWeek</th>\n",
       "      <th>DepTime</th>\n",
       "      <th>CRSDepTime</th>\n",
       "      <th>ArrTime</th>\n",
       "      <th>CRSArrTime</th>\n",
       "      <th>UniqueCarrier</th>\n",
       "      <th>FlightNum</th>\n",
       "      <th>...</th>\n",
       "      <th>TaxiIn</th>\n",
       "      <th>TaxiOut</th>\n",
       "      <th>Cancelled</th>\n",
       "      <th>CancellationCode</th>\n",
       "      <th>Diverted</th>\n",
       "      <th>CarrierDelay</th>\n",
       "      <th>WeatherDelay</th>\n",
       "      <th>NASDelay</th>\n",
       "      <th>SecurityDelay</th>\n",
       "      <th>LateAircraftDelay</th>\n",
       "    </tr>\n",
       "  </thead>\n",
       "  <tbody>\n",
       "    <tr>\n",
       "      <th>1767993</th>\n",
       "      <td>2008</td>\n",
       "      <td>3</td>\n",
       "      <td>28</td>\n",
       "      <td>5</td>\n",
       "      <td>920.0</td>\n",
       "      <td>925</td>\n",
       "      <td>1159.0</td>\n",
       "      <td>1218</td>\n",
       "      <td>CO</td>\n",
       "      <td>1811</td>\n",
       "      <td>...</td>\n",
       "      <td>3.0</td>\n",
       "      <td>11.0</td>\n",
       "      <td>0</td>\n",
       "      <td>NaN</td>\n",
       "      <td>0</td>\n",
       "      <td>NaN</td>\n",
       "      <td>NaN</td>\n",
       "      <td>NaN</td>\n",
       "      <td>NaN</td>\n",
       "      <td>NaN</td>\n",
       "    </tr>\n",
       "    <tr>\n",
       "      <th>3073423</th>\n",
       "      <td>2008</td>\n",
       "      <td>6</td>\n",
       "      <td>26</td>\n",
       "      <td>4</td>\n",
       "      <td>1005.0</td>\n",
       "      <td>1005</td>\n",
       "      <td>1142.0</td>\n",
       "      <td>1155</td>\n",
       "      <td>WN</td>\n",
       "      <td>461</td>\n",
       "      <td>...</td>\n",
       "      <td>7.0</td>\n",
       "      <td>13.0</td>\n",
       "      <td>0</td>\n",
       "      <td>NaN</td>\n",
       "      <td>0</td>\n",
       "      <td>NaN</td>\n",
       "      <td>NaN</td>\n",
       "      <td>NaN</td>\n",
       "      <td>NaN</td>\n",
       "      <td>NaN</td>\n",
       "    </tr>\n",
       "    <tr>\n",
       "      <th>922712</th>\n",
       "      <td>2008</td>\n",
       "      <td>2</td>\n",
       "      <td>15</td>\n",
       "      <td>5</td>\n",
       "      <td>2034.0</td>\n",
       "      <td>1959</td>\n",
       "      <td>2133.0</td>\n",
       "      <td>2103</td>\n",
       "      <td>EV</td>\n",
       "      <td>4601</td>\n",
       "      <td>...</td>\n",
       "      <td>4.0</td>\n",
       "      <td>19.0</td>\n",
       "      <td>0</td>\n",
       "      <td>NaN</td>\n",
       "      <td>0</td>\n",
       "      <td>0.0</td>\n",
       "      <td>0.0</td>\n",
       "      <td>30.0</td>\n",
       "      <td>0.0</td>\n",
       "      <td>0.0</td>\n",
       "    </tr>\n",
       "    <tr>\n",
       "      <th>1517855</th>\n",
       "      <td>2008</td>\n",
       "      <td>3</td>\n",
       "      <td>10</td>\n",
       "      <td>1</td>\n",
       "      <td>1003.0</td>\n",
       "      <td>1010</td>\n",
       "      <td>1307.0</td>\n",
       "      <td>1326</td>\n",
       "      <td>EV</td>\n",
       "      <td>4684</td>\n",
       "      <td>...</td>\n",
       "      <td>6.0</td>\n",
       "      <td>9.0</td>\n",
       "      <td>0</td>\n",
       "      <td>NaN</td>\n",
       "      <td>0</td>\n",
       "      <td>NaN</td>\n",
       "      <td>NaN</td>\n",
       "      <td>NaN</td>\n",
       "      <td>NaN</td>\n",
       "      <td>NaN</td>\n",
       "    </tr>\n",
       "    <tr>\n",
       "      <th>6480817</th>\n",
       "      <td>2008</td>\n",
       "      <td>12</td>\n",
       "      <td>8</td>\n",
       "      <td>1</td>\n",
       "      <td>1131.0</td>\n",
       "      <td>1125</td>\n",
       "      <td>1321.0</td>\n",
       "      <td>1330</td>\n",
       "      <td>WN</td>\n",
       "      <td>1236</td>\n",
       "      <td>...</td>\n",
       "      <td>5.0</td>\n",
       "      <td>8.0</td>\n",
       "      <td>0</td>\n",
       "      <td>NaN</td>\n",
       "      <td>0</td>\n",
       "      <td>NaN</td>\n",
       "      <td>NaN</td>\n",
       "      <td>NaN</td>\n",
       "      <td>NaN</td>\n",
       "      <td>NaN</td>\n",
       "    </tr>\n",
       "  </tbody>\n",
       "</table>\n",
       "<p>5 rows × 29 columns</p>\n",
       "</div>"
      ],
      "text/plain": [
       "         Year  Month  DayofMonth  DayOfWeek  DepTime  CRSDepTime  ArrTime  \\\n",
       "1767993  2008      3          28          5    920.0         925   1159.0   \n",
       "3073423  2008      6          26          4   1005.0        1005   1142.0   \n",
       "922712   2008      2          15          5   2034.0        1959   2133.0   \n",
       "1517855  2008      3          10          1   1003.0        1010   1307.0   \n",
       "6480817  2008     12           8          1   1131.0        1125   1321.0   \n",
       "\n",
       "         CRSArrTime UniqueCarrier  FlightNum        ...         TaxiIn  \\\n",
       "1767993        1218            CO       1811        ...            3.0   \n",
       "3073423        1155            WN        461        ...            7.0   \n",
       "922712         2103            EV       4601        ...            4.0   \n",
       "1517855        1326            EV       4684        ...            6.0   \n",
       "6480817        1330            WN       1236        ...            5.0   \n",
       "\n",
       "         TaxiOut  Cancelled  CancellationCode  Diverted  CarrierDelay  \\\n",
       "1767993     11.0          0               NaN         0           NaN   \n",
       "3073423     13.0          0               NaN         0           NaN   \n",
       "922712      19.0          0               NaN         0           0.0   \n",
       "1517855      9.0          0               NaN         0           NaN   \n",
       "6480817      8.0          0               NaN         0           NaN   \n",
       "\n",
       "        WeatherDelay NASDelay  SecurityDelay  LateAircraftDelay  \n",
       "1767993          NaN      NaN            NaN                NaN  \n",
       "3073423          NaN      NaN            NaN                NaN  \n",
       "922712           0.0     30.0            0.0                0.0  \n",
       "1517855          NaN      NaN            NaN                NaN  \n",
       "6480817          NaN      NaN            NaN                NaN  \n",
       "\n",
       "[5 rows x 29 columns]"
      ]
     },
     "execution_count": 5,
     "metadata": {},
     "output_type": "execute_result"
    }
   ],
   "source": [
    "print(arrivals.columns)\n",
    "arrivals.head()"
   ]
  },
  {
   "cell_type": "code",
   "execution_count": 6,
   "metadata": {
    "scrolled": false
   },
   "outputs": [
    {
     "name": "stdout",
     "output_type": "stream",
     "text": [
      "<class 'pandas.core.frame.DataFrame'>\n",
      "Int64Index: 700973 entries, 1767993 to 4442592\n",
      "Columns: 29 entries, Year to LateAircraftDelay\n",
      "dtypes: float64(14), int64(10), object(5)"
     ]
    }
   ],
   "source": [
    "arrivals.info(verbose=False, memory_usage=False,null_counts=True)"
   ]
  },
  {
   "cell_type": "code",
   "execution_count": 7,
   "metadata": {},
   "outputs": [
    {
     "data": {
      "text/plain": [
       "True"
      ]
     },
     "execution_count": 7,
     "metadata": {},
     "output_type": "execute_result"
    }
   ],
   "source": [
    "# Confirmation that there are no more null values\n",
    "arrivals.isnull().values.any()"
   ]
  },
  {
   "cell_type": "markdown",
   "metadata": {},
   "source": [
    "<a id=\"sec2\"></a>"
   ]
  },
  {
   "cell_type": "markdown",
   "metadata": {},
   "source": [
    "# <span style=\"color:darkblue\">Exploring the Data</span>  <a href='#top'>(top)</a>"
   ]
  },
  {
   "cell_type": "code",
   "execution_count": 8,
   "metadata": {},
   "outputs": [
    {
     "data": {
      "text/html": [
       "<div>\n",
       "<style scoped>\n",
       "    .dataframe tbody tr th:only-of-type {\n",
       "        vertical-align: middle;\n",
       "    }\n",
       "\n",
       "    .dataframe tbody tr th {\n",
       "        vertical-align: top;\n",
       "    }\n",
       "\n",
       "    .dataframe thead th {\n",
       "        text-align: right;\n",
       "    }\n",
       "</style>\n",
       "<table border=\"1\" class=\"dataframe\">\n",
       "  <thead>\n",
       "    <tr style=\"text-align: right;\">\n",
       "      <th></th>\n",
       "      <th>DepTime</th>\n",
       "      <th>CRSDepTime</th>\n",
       "      <th>ArrTime</th>\n",
       "      <th>CRSArrTime</th>\n",
       "      <th>FlightNum</th>\n",
       "      <th>ActualElapsedTime</th>\n",
       "      <th>CRSElapsedTime</th>\n",
       "      <th>AirTime</th>\n",
       "      <th>ArrDelay</th>\n",
       "      <th>DepDelay</th>\n",
       "      <th>Distance</th>\n",
       "      <th>TaxiIn</th>\n",
       "      <th>TaxiOut</th>\n",
       "      <th>CarrierDelay</th>\n",
       "      <th>WeatherDelay</th>\n",
       "      <th>NASDelay</th>\n",
       "      <th>SecurityDelay</th>\n",
       "      <th>LateAircraftDelay</th>\n",
       "    </tr>\n",
       "  </thead>\n",
       "  <tbody>\n",
       "    <tr>\n",
       "      <th>DepTime</th>\n",
       "      <td>1.000000</td>\n",
       "      <td>0.980892</td>\n",
       "      <td>0.814284</td>\n",
       "      <td>0.855972</td>\n",
       "      <td>-0.007346</td>\n",
       "      <td>-0.032922</td>\n",
       "      <td>-0.027555</td>\n",
       "      <td>-0.039443</td>\n",
       "      <td>0.164464</td>\n",
       "      <td>0.233419</td>\n",
       "      <td>-0.030015</td>\n",
       "      <td>-0.059415</td>\n",
       "      <td>0.025715</td>\n",
       "      <td>0.010743</td>\n",
       "      <td>0.036786</td>\n",
       "      <td>-0.149030</td>\n",
       "      <td>-0.008365</td>\n",
       "      <td>0.291537</td>\n",
       "    </tr>\n",
       "    <tr>\n",
       "      <th>CRSDepTime</th>\n",
       "      <td>0.980892</td>\n",
       "      <td>1.000000</td>\n",
       "      <td>0.800641</td>\n",
       "      <td>0.859604</td>\n",
       "      <td>-0.010445</td>\n",
       "      <td>-0.037668</td>\n",
       "      <td>-0.030577</td>\n",
       "      <td>-0.042091</td>\n",
       "      <td>0.118572</td>\n",
       "      <td>0.181142</td>\n",
       "      <td>-0.032535</td>\n",
       "      <td>-0.062857</td>\n",
       "      <td>0.017788</td>\n",
       "      <td>-0.013314</td>\n",
       "      <td>0.020129</td>\n",
       "      <td>-0.140523</td>\n",
       "      <td>-0.007070</td>\n",
       "      <td>0.261898</td>\n",
       "    </tr>\n",
       "    <tr>\n",
       "      <th>ArrTime</th>\n",
       "      <td>0.814284</td>\n",
       "      <td>0.800641</td>\n",
       "      <td>1.000000</td>\n",
       "      <td>0.920304</td>\n",
       "      <td>-0.025814</td>\n",
       "      <td>0.066855</td>\n",
       "      <td>0.069428</td>\n",
       "      <td>0.059667</td>\n",
       "      <td>0.128080</td>\n",
       "      <td>0.184969</td>\n",
       "      <td>0.068760</td>\n",
       "      <td>-0.010111</td>\n",
       "      <td>0.051207</td>\n",
       "      <td>-0.040717</td>\n",
       "      <td>0.007805</td>\n",
       "      <td>-0.042917</td>\n",
       "      <td>-0.003726</td>\n",
       "      <td>0.164594</td>\n",
       "    </tr>\n",
       "    <tr>\n",
       "      <th>CRSArrTime</th>\n",
       "      <td>0.855972</td>\n",
       "      <td>0.859604</td>\n",
       "      <td>0.920304</td>\n",
       "      <td>1.000000</td>\n",
       "      <td>-0.032996</td>\n",
       "      <td>0.073497</td>\n",
       "      <td>0.084022</td>\n",
       "      <td>0.069943</td>\n",
       "      <td>0.112601</td>\n",
       "      <td>0.181987</td>\n",
       "      <td>0.083518</td>\n",
       "      <td>-0.022164</td>\n",
       "      <td>0.045747</td>\n",
       "      <td>-0.028465</td>\n",
       "      <td>0.020380</td>\n",
       "      <td>-0.095362</td>\n",
       "      <td>-0.006112</td>\n",
       "      <td>0.228478</td>\n",
       "    </tr>\n",
       "    <tr>\n",
       "      <th>FlightNum</th>\n",
       "      <td>-0.007346</td>\n",
       "      <td>-0.010445</td>\n",
       "      <td>-0.025814</td>\n",
       "      <td>-0.032996</td>\n",
       "      <td>1.000000</td>\n",
       "      <td>-0.304249</td>\n",
       "      <td>-0.312417</td>\n",
       "      <td>-0.324697</td>\n",
       "      <td>-0.005441</td>\n",
       "      <td>-0.032416</td>\n",
       "      <td>-0.347692</td>\n",
       "      <td>-0.038403</td>\n",
       "      <td>0.007404</td>\n",
       "      <td>0.021084</td>\n",
       "      <td>0.076087</td>\n",
       "      <td>-0.055741</td>\n",
       "      <td>-0.006615</td>\n",
       "      <td>-0.059650</td>\n",
       "    </tr>\n",
       "    <tr>\n",
       "      <th>ActualElapsedTime</th>\n",
       "      <td>-0.032922</td>\n",
       "      <td>-0.037668</td>\n",
       "      <td>0.066855</td>\n",
       "      <td>0.073497</td>\n",
       "      <td>-0.304249</td>\n",
       "      <td>1.000000</td>\n",
       "      <td>0.971085</td>\n",
       "      <td>0.974254</td>\n",
       "      <td>0.116332</td>\n",
       "      <td>0.073518</td>\n",
       "      <td>0.952364</td>\n",
       "      <td>0.222570</td>\n",
       "      <td>0.303073</td>\n",
       "      <td>-0.080256</td>\n",
       "      <td>-0.008259</td>\n",
       "      <td>0.353973</td>\n",
       "      <td>-0.000072</td>\n",
       "      <td>-0.157727</td>\n",
       "    </tr>\n",
       "    <tr>\n",
       "      <th>CRSElapsedTime</th>\n",
       "      <td>-0.027555</td>\n",
       "      <td>-0.030577</td>\n",
       "      <td>0.069428</td>\n",
       "      <td>0.084022</td>\n",
       "      <td>-0.312417</td>\n",
       "      <td>0.971085</td>\n",
       "      <td>1.000000</td>\n",
       "      <td>0.980913</td>\n",
       "      <td>-0.011400</td>\n",
       "      <td>0.067017</td>\n",
       "      <td>0.976998</td>\n",
       "      <td>0.176507</td>\n",
       "      <td>0.205384</td>\n",
       "      <td>-0.003772</td>\n",
       "      <td>-0.020710</td>\n",
       "      <td>0.134005</td>\n",
       "      <td>0.003171</td>\n",
       "      <td>-0.074371</td>\n",
       "    </tr>\n",
       "    <tr>\n",
       "      <th>AirTime</th>\n",
       "      <td>-0.039443</td>\n",
       "      <td>-0.042091</td>\n",
       "      <td>0.059667</td>\n",
       "      <td>0.069943</td>\n",
       "      <td>-0.324697</td>\n",
       "      <td>0.974254</td>\n",
       "      <td>0.980913</td>\n",
       "      <td>1.000000</td>\n",
       "      <td>0.041181</td>\n",
       "      <td>0.066308</td>\n",
       "      <td>0.981572</td>\n",
       "      <td>0.146930</td>\n",
       "      <td>0.151447</td>\n",
       "      <td>-0.022304</td>\n",
       "      <td>-0.026695</td>\n",
       "      <td>0.186670</td>\n",
       "      <td>0.005409</td>\n",
       "      <td>-0.089588</td>\n",
       "    </tr>\n",
       "    <tr>\n",
       "      <th>ArrDelay</th>\n",
       "      <td>0.164464</td>\n",
       "      <td>0.118572</td>\n",
       "      <td>0.128080</td>\n",
       "      <td>0.112601</td>\n",
       "      <td>-0.005441</td>\n",
       "      <td>0.116332</td>\n",
       "      <td>-0.011400</td>\n",
       "      <td>0.041181</td>\n",
       "      <td>1.000000</td>\n",
       "      <td>0.665017</td>\n",
       "      <td>-0.001300</td>\n",
       "      <td>0.113705</td>\n",
       "      <td>0.315439</td>\n",
       "      <td>0.138248</td>\n",
       "      <td>0.143645</td>\n",
       "      <td>0.087383</td>\n",
       "      <td>-0.019997</td>\n",
       "      <td>0.323188</td>\n",
       "    </tr>\n",
       "    <tr>\n",
       "      <th>DepDelay</th>\n",
       "      <td>0.233419</td>\n",
       "      <td>0.181142</td>\n",
       "      <td>0.184969</td>\n",
       "      <td>0.181987</td>\n",
       "      <td>-0.032416</td>\n",
       "      <td>0.073518</td>\n",
       "      <td>0.067017</td>\n",
       "      <td>0.066308</td>\n",
       "      <td>0.665017</td>\n",
       "      <td>1.000000</td>\n",
       "      <td>0.072227</td>\n",
       "      <td>-0.060866</td>\n",
       "      <td>0.058569</td>\n",
       "      <td>0.275522</td>\n",
       "      <td>0.132339</td>\n",
       "      <td>-0.351038</td>\n",
       "      <td>-0.009552</td>\n",
       "      <td>0.460649</td>\n",
       "    </tr>\n",
       "    <tr>\n",
       "      <th>Distance</th>\n",
       "      <td>-0.030015</td>\n",
       "      <td>-0.032535</td>\n",
       "      <td>0.068760</td>\n",
       "      <td>0.083518</td>\n",
       "      <td>-0.347692</td>\n",
       "      <td>0.952364</td>\n",
       "      <td>0.976998</td>\n",
       "      <td>0.981572</td>\n",
       "      <td>-0.001300</td>\n",
       "      <td>0.072227</td>\n",
       "      <td>1.000000</td>\n",
       "      <td>0.129050</td>\n",
       "      <td>0.138696</td>\n",
       "      <td>0.013698</td>\n",
       "      <td>-0.026891</td>\n",
       "      <td>0.097505</td>\n",
       "      <td>0.007075</td>\n",
       "      <td>-0.051952</td>\n",
       "    </tr>\n",
       "    <tr>\n",
       "      <th>TaxiIn</th>\n",
       "      <td>-0.059415</td>\n",
       "      <td>-0.062857</td>\n",
       "      <td>-0.010111</td>\n",
       "      <td>-0.022164</td>\n",
       "      <td>-0.038403</td>\n",
       "      <td>0.222570</td>\n",
       "      <td>0.176507</td>\n",
       "      <td>0.146930</td>\n",
       "      <td>0.113705</td>\n",
       "      <td>-0.060866</td>\n",
       "      <td>0.129050</td>\n",
       "      <td>1.000000</td>\n",
       "      <td>0.084921</td>\n",
       "      <td>-0.143387</td>\n",
       "      <td>-0.013004</td>\n",
       "      <td>0.292852</td>\n",
       "      <td>-0.012615</td>\n",
       "      <td>-0.106666</td>\n",
       "    </tr>\n",
       "    <tr>\n",
       "      <th>TaxiOut</th>\n",
       "      <td>0.025715</td>\n",
       "      <td>0.017788</td>\n",
       "      <td>0.051207</td>\n",
       "      <td>0.045747</td>\n",
       "      <td>0.007404</td>\n",
       "      <td>0.303073</td>\n",
       "      <td>0.205384</td>\n",
       "      <td>0.151447</td>\n",
       "      <td>0.315439</td>\n",
       "      <td>0.058569</td>\n",
       "      <td>0.138696</td>\n",
       "      <td>0.084921</td>\n",
       "      <td>1.000000</td>\n",
       "      <td>-0.143005</td>\n",
       "      <td>0.063274</td>\n",
       "      <td>0.512214</td>\n",
       "      <td>-0.011957</td>\n",
       "      <td>-0.244571</td>\n",
       "    </tr>\n",
       "    <tr>\n",
       "      <th>CarrierDelay</th>\n",
       "      <td>0.010743</td>\n",
       "      <td>-0.013314</td>\n",
       "      <td>-0.040717</td>\n",
       "      <td>-0.028465</td>\n",
       "      <td>0.021084</td>\n",
       "      <td>-0.080256</td>\n",
       "      <td>-0.003772</td>\n",
       "      <td>-0.022304</td>\n",
       "      <td>0.138248</td>\n",
       "      <td>0.275522</td>\n",
       "      <td>0.013698</td>\n",
       "      <td>-0.143387</td>\n",
       "      <td>-0.143005</td>\n",
       "      <td>1.000000</td>\n",
       "      <td>-0.197487</td>\n",
       "      <td>-0.388671</td>\n",
       "      <td>-0.052537</td>\n",
       "      <td>-0.234543</td>\n",
       "    </tr>\n",
       "    <tr>\n",
       "      <th>WeatherDelay</th>\n",
       "      <td>0.036786</td>\n",
       "      <td>0.020129</td>\n",
       "      <td>0.007805</td>\n",
       "      <td>0.020380</td>\n",
       "      <td>0.076087</td>\n",
       "      <td>-0.008259</td>\n",
       "      <td>-0.020710</td>\n",
       "      <td>-0.026695</td>\n",
       "      <td>0.143645</td>\n",
       "      <td>0.132339</td>\n",
       "      <td>-0.026891</td>\n",
       "      <td>-0.013004</td>\n",
       "      <td>0.063274</td>\n",
       "      <td>-0.197487</td>\n",
       "      <td>1.000000</td>\n",
       "      <td>-0.019442</td>\n",
       "      <td>-0.016837</td>\n",
       "      <td>-0.025315</td>\n",
       "    </tr>\n",
       "    <tr>\n",
       "      <th>NASDelay</th>\n",
       "      <td>-0.149030</td>\n",
       "      <td>-0.140523</td>\n",
       "      <td>-0.042917</td>\n",
       "      <td>-0.095362</td>\n",
       "      <td>-0.055741</td>\n",
       "      <td>0.353973</td>\n",
       "      <td>0.134005</td>\n",
       "      <td>0.186670</td>\n",
       "      <td>0.087383</td>\n",
       "      <td>-0.351038</td>\n",
       "      <td>0.097505</td>\n",
       "      <td>0.292852</td>\n",
       "      <td>0.512214</td>\n",
       "      <td>-0.388671</td>\n",
       "      <td>-0.019442</td>\n",
       "      <td>1.000000</td>\n",
       "      <td>-0.022557</td>\n",
       "      <td>-0.339255</td>\n",
       "    </tr>\n",
       "    <tr>\n",
       "      <th>SecurityDelay</th>\n",
       "      <td>-0.008365</td>\n",
       "      <td>-0.007070</td>\n",
       "      <td>-0.003726</td>\n",
       "      <td>-0.006112</td>\n",
       "      <td>-0.006615</td>\n",
       "      <td>-0.000072</td>\n",
       "      <td>0.003171</td>\n",
       "      <td>0.005409</td>\n",
       "      <td>-0.019997</td>\n",
       "      <td>-0.009552</td>\n",
       "      <td>0.007075</td>\n",
       "      <td>-0.012615</td>\n",
       "      <td>-0.011957</td>\n",
       "      <td>-0.052537</td>\n",
       "      <td>-0.016837</td>\n",
       "      <td>-0.022557</td>\n",
       "      <td>1.000000</td>\n",
       "      <td>-0.009005</td>\n",
       "    </tr>\n",
       "    <tr>\n",
       "      <th>LateAircraftDelay</th>\n",
       "      <td>0.291537</td>\n",
       "      <td>0.261898</td>\n",
       "      <td>0.164594</td>\n",
       "      <td>0.228478</td>\n",
       "      <td>-0.059650</td>\n",
       "      <td>-0.157727</td>\n",
       "      <td>-0.074371</td>\n",
       "      <td>-0.089588</td>\n",
       "      <td>0.323188</td>\n",
       "      <td>0.460649</td>\n",
       "      <td>-0.051952</td>\n",
       "      <td>-0.106666</td>\n",
       "      <td>-0.244571</td>\n",
       "      <td>-0.234543</td>\n",
       "      <td>-0.025315</td>\n",
       "      <td>-0.339255</td>\n",
       "      <td>-0.009005</td>\n",
       "      <td>1.000000</td>\n",
       "    </tr>\n",
       "  </tbody>\n",
       "</table>\n",
       "</div>"
      ],
      "text/plain": [
       "                    DepTime  CRSDepTime   ArrTime  CRSArrTime  FlightNum  \\\n",
       "DepTime            1.000000    0.980892  0.814284    0.855972  -0.007346   \n",
       "CRSDepTime         0.980892    1.000000  0.800641    0.859604  -0.010445   \n",
       "ArrTime            0.814284    0.800641  1.000000    0.920304  -0.025814   \n",
       "CRSArrTime         0.855972    0.859604  0.920304    1.000000  -0.032996   \n",
       "FlightNum         -0.007346   -0.010445 -0.025814   -0.032996   1.000000   \n",
       "ActualElapsedTime -0.032922   -0.037668  0.066855    0.073497  -0.304249   \n",
       "CRSElapsedTime    -0.027555   -0.030577  0.069428    0.084022  -0.312417   \n",
       "AirTime           -0.039443   -0.042091  0.059667    0.069943  -0.324697   \n",
       "ArrDelay           0.164464    0.118572  0.128080    0.112601  -0.005441   \n",
       "DepDelay           0.233419    0.181142  0.184969    0.181987  -0.032416   \n",
       "Distance          -0.030015   -0.032535  0.068760    0.083518  -0.347692   \n",
       "TaxiIn            -0.059415   -0.062857 -0.010111   -0.022164  -0.038403   \n",
       "TaxiOut            0.025715    0.017788  0.051207    0.045747   0.007404   \n",
       "CarrierDelay       0.010743   -0.013314 -0.040717   -0.028465   0.021084   \n",
       "WeatherDelay       0.036786    0.020129  0.007805    0.020380   0.076087   \n",
       "NASDelay          -0.149030   -0.140523 -0.042917   -0.095362  -0.055741   \n",
       "SecurityDelay     -0.008365   -0.007070 -0.003726   -0.006112  -0.006615   \n",
       "LateAircraftDelay  0.291537    0.261898  0.164594    0.228478  -0.059650   \n",
       "\n",
       "                   ActualElapsedTime  CRSElapsedTime   AirTime  ArrDelay  \\\n",
       "DepTime                    -0.032922       -0.027555 -0.039443  0.164464   \n",
       "CRSDepTime                 -0.037668       -0.030577 -0.042091  0.118572   \n",
       "ArrTime                     0.066855        0.069428  0.059667  0.128080   \n",
       "CRSArrTime                  0.073497        0.084022  0.069943  0.112601   \n",
       "FlightNum                  -0.304249       -0.312417 -0.324697 -0.005441   \n",
       "ActualElapsedTime           1.000000        0.971085  0.974254  0.116332   \n",
       "CRSElapsedTime              0.971085        1.000000  0.980913 -0.011400   \n",
       "AirTime                     0.974254        0.980913  1.000000  0.041181   \n",
       "ArrDelay                    0.116332       -0.011400  0.041181  1.000000   \n",
       "DepDelay                    0.073518        0.067017  0.066308  0.665017   \n",
       "Distance                    0.952364        0.976998  0.981572 -0.001300   \n",
       "TaxiIn                      0.222570        0.176507  0.146930  0.113705   \n",
       "TaxiOut                     0.303073        0.205384  0.151447  0.315439   \n",
       "CarrierDelay               -0.080256       -0.003772 -0.022304  0.138248   \n",
       "WeatherDelay               -0.008259       -0.020710 -0.026695  0.143645   \n",
       "NASDelay                    0.353973        0.134005  0.186670  0.087383   \n",
       "SecurityDelay              -0.000072        0.003171  0.005409 -0.019997   \n",
       "LateAircraftDelay          -0.157727       -0.074371 -0.089588  0.323188   \n",
       "\n",
       "                   DepDelay  Distance    TaxiIn   TaxiOut  CarrierDelay  \\\n",
       "DepTime            0.233419 -0.030015 -0.059415  0.025715      0.010743   \n",
       "CRSDepTime         0.181142 -0.032535 -0.062857  0.017788     -0.013314   \n",
       "ArrTime            0.184969  0.068760 -0.010111  0.051207     -0.040717   \n",
       "CRSArrTime         0.181987  0.083518 -0.022164  0.045747     -0.028465   \n",
       "FlightNum         -0.032416 -0.347692 -0.038403  0.007404      0.021084   \n",
       "ActualElapsedTime  0.073518  0.952364  0.222570  0.303073     -0.080256   \n",
       "CRSElapsedTime     0.067017  0.976998  0.176507  0.205384     -0.003772   \n",
       "AirTime            0.066308  0.981572  0.146930  0.151447     -0.022304   \n",
       "ArrDelay           0.665017 -0.001300  0.113705  0.315439      0.138248   \n",
       "DepDelay           1.000000  0.072227 -0.060866  0.058569      0.275522   \n",
       "Distance           0.072227  1.000000  0.129050  0.138696      0.013698   \n",
       "TaxiIn            -0.060866  0.129050  1.000000  0.084921     -0.143387   \n",
       "TaxiOut            0.058569  0.138696  0.084921  1.000000     -0.143005   \n",
       "CarrierDelay       0.275522  0.013698 -0.143387 -0.143005      1.000000   \n",
       "WeatherDelay       0.132339 -0.026891 -0.013004  0.063274     -0.197487   \n",
       "NASDelay          -0.351038  0.097505  0.292852  0.512214     -0.388671   \n",
       "SecurityDelay     -0.009552  0.007075 -0.012615 -0.011957     -0.052537   \n",
       "LateAircraftDelay  0.460649 -0.051952 -0.106666 -0.244571     -0.234543   \n",
       "\n",
       "                   WeatherDelay  NASDelay  SecurityDelay  LateAircraftDelay  \n",
       "DepTime                0.036786 -0.149030      -0.008365           0.291537  \n",
       "CRSDepTime             0.020129 -0.140523      -0.007070           0.261898  \n",
       "ArrTime                0.007805 -0.042917      -0.003726           0.164594  \n",
       "CRSArrTime             0.020380 -0.095362      -0.006112           0.228478  \n",
       "FlightNum              0.076087 -0.055741      -0.006615          -0.059650  \n",
       "ActualElapsedTime     -0.008259  0.353973      -0.000072          -0.157727  \n",
       "CRSElapsedTime        -0.020710  0.134005       0.003171          -0.074371  \n",
       "AirTime               -0.026695  0.186670       0.005409          -0.089588  \n",
       "ArrDelay               0.143645  0.087383      -0.019997           0.323188  \n",
       "DepDelay               0.132339 -0.351038      -0.009552           0.460649  \n",
       "Distance              -0.026891  0.097505       0.007075          -0.051952  \n",
       "TaxiIn                -0.013004  0.292852      -0.012615          -0.106666  \n",
       "TaxiOut                0.063274  0.512214      -0.011957          -0.244571  \n",
       "CarrierDelay          -0.197487 -0.388671      -0.052537          -0.234543  \n",
       "WeatherDelay           1.000000 -0.019442      -0.016837          -0.025315  \n",
       "NASDelay              -0.019442  1.000000      -0.022557          -0.339255  \n",
       "SecurityDelay         -0.016837 -0.022557       1.000000          -0.009005  \n",
       "LateAircraftDelay     -0.025315 -0.339255      -0.009005           1.000000  "
      ]
     },
     "execution_count": 8,
     "metadata": {},
     "output_type": "execute_result"
    }
   ],
   "source": [
    "corr = arrivals[['DepTime', 'CRSDepTime',\n",
    "       'ArrTime', 'CRSArrTime', 'FlightNum',\n",
    "       'ActualElapsedTime', 'CRSElapsedTime', 'AirTime', 'ArrDelay',\n",
    "       'DepDelay', 'Distance', 'TaxiIn', 'TaxiOut',\n",
    "       'CarrierDelay',\n",
    "       'WeatherDelay', 'NASDelay', 'SecurityDelay', 'LateAircraftDelay']]\n",
    "\n",
    "corr.corr(method='spearman')"
   ]
  },
  {
   "cell_type": "code",
   "execution_count": 9,
   "metadata": {},
   "outputs": [
    {
     "data": {
